x
1.80531272194924
0.481531782119206
-0.453918449879077
1.12127587744318
-0.275847525453891
-0.788397052404978
-0.426330677483612
-0.318279024672633
-0.271541967265763
0.404790006977131
-0.00651428497394122
0.628482896649969
-1.00705033074162
-0.512117862495976
-1.80350826446943
-2.57700777276290
-0.652354683844239
1.07850551935441
-0.300664032206150
-0.841709093790208
-0.0146334522888244
0.403396714385279
1.23151586076853
1.34488752852873
1.42373560964925
1.13566306124862
1.25756158958688
3.14758625687128
4.25547567401208
0.552992685586833
1.80907699735890
2.22934785071466
0.79578149138774
0.191775527204204
0.71796703044073
0.507556598952677
0.513986864378126
0.074221056460667
-0.845807819434208
-1.28123595175727
-1.28641188316466
-0.288117691395077
0.874929161166079
-1.01502255796171
-0.605284402826253
-0.384934231900069
-1.07778502438687
-0.357085402188422
-0.588226021991856
-0.0777222848429172
-1.39646819468221
-0.114663138127611
-0.111838665888413
-0.0532699390985832
1.83985744485376
1.345994154844
0.778674153380234
1.15778505445166
-0.0182534052534194
0.166331992146200
0.618855144818875
3.68784209432355
2.37976324583921
0.823860128914869
-0.258639437100423
0.44094285702695
1.71992152855352
-0.092302073121474
-1.91747888524150
-1.78425690342164
-0.367447933951262
-0.240860713164901
0.615644655613661
0.552477803813445
-1.69375984810948
-2.78596880364792
-2.50408113350615
-0.176171235929291
0.958052690546388
1.94993243040093
1.69183165547387
0.135329530897335
-0.922846435089215
-0.93516595100831
-0.062992101762223
0.321181817340234
1.34423529774913
0.634886567169935
-1.05875733595866
-1.15045355160277
-1.68541976045772
-1.94590048793078
-0.719663607989459
0.160784358495522
0.548729859255265
-1.13183371414759
-0.263773593606379
-0.935646146965415
-2.18767955324975
-2.06065345000395
-2.09710967162356
-0.635028391983918
0.0283220947132298
0.924987316131315
2.21508745559857
2.05952077057933
1.16761000164843
-0.575297385968963
-1.80732629460732
-1.50576347628163
-3.38592962206208
-2.71315761739771
-1.68479744801729
-2.00757782534133
-0.741641266336842
-0.700451871731997
-0.286377587136253
0.0965646865492571
1.11995321274638
1.51352097709911
1.90671699871285
0.190729969471979
-2.26933940783671
-2.52197388987866
-2.68825971905341
-1.09591956317537
-1.90029276817272
-1.43936454847325
-0.765947639923045
-0.370761651585386
-0.651593962428707
0.70549987713756
1.19420742733509
1.79685398215085
0.345214385583031
-0.411063923416033
-0.777571412543586
-1.29560340593032
-0.240793360107748
1.65993148505346
1.72795396937894
0.290465949913161
0.731397814638314
-0.823348097275534
-0.792610251475667
-0.238320563408637
0.361674707441141
1.14331876990324
2.55001390227171
1.91024056314620
2.3739360230229
0.157188362722081
-0.277081894203898
-0.169796296820850
-0.908727981732783
-0.709952573674117
0.524572474653817
1.71097537873477
0.863146540574042
0.541676736538217
-1.10245050477939
-0.732369020227494
0.805377454701478
0.71995046212769
-0.550951310236054
0.934025220676271
0.451057084881304
1.30435419658138
-0.35422381058446
1.14353558887414
0.00901545082884787
0.101727809192709
-0.318507418416688
-2.35654592149143
-1.52895976910964
-0.649975051852976
0.0582494111258701
-0.274376224523197
-0.995954568231955
-0.0556061862494707
-1.79909834479526
-0.123333624777533
-0.369382655610228
-0.273348712561667
-0.531985122128085
0.215446279300261
0.181150870848735
-2.16176125418919
-0.469807494047385
-0.315098572962922
0.0232959826910636
0.914019698994049
-0.123323009342491
0.288324127504939
0.0658428099635518
0.884028136846322
2.24939676210397
2.66481775774489
2.57187174912070
1.45684818183698
0.552529398086368
2.5875087662261
2.7292429616303
2.01768315818786
0.170611466101346
-1.06831026875423
1.04054508855696
0.86943329058725
0.289499605698286
-0.433489262897012
-0.790813202706373
0.326237766972747
0.0214324326873102
-0.0846376848179643
0.387847963023514
0.829009750508742
2.34705919847115
0.334043925822431
1.21339704883003
-0.452572212886586
0.630489858145369
0.969126996096323
1.12338947464421
1.67860570400202
0.495699178582757
-0.36809100839272
2.28580125537057
0.600252410880679
1.36561422364764
2.3439563353444
0.78651360009666
-0.909508171976504
0.689557923480793
0.607707074965784
0.420914533302965
1.00178414777770
0.00643060720526395
1.44536696172175
1.11628202636799
-0.155146091095088
-1.12813715940813
-2.09775642898380
-1.20112930443467
-0.768504990791743
-0.508170301317397
-0.538177705073239
-1.08935364514280
-0.963826674335394
0.146901151486516
0.546534936864199
-1.20737150576062
-0.557692897910605
-0.637951755461489
-1.02529551848586
-0.454913293190966
0.387667685897154
0.359827028121109
0.754794905899853
-0.0150123721548229
-1.31978670540479
-4.10785686971317
-3.57632157608468
-2.55203582395599
-2.22463102414591
-3.32961139800824
-1.72071534028377
-0.59520381897915
0.758293559593773
-1.86871941796049
-2.73145355482324
-1.04484263418808
-0.376512634860381
-0.161333278151963
0.0781658077793888
-0.128189738314230
1.21803434331589
1.58326025969414
1.54846514863102
-0.206173565534782
0.593850777542762
0.71537403053618
-0.303604869110448
-1.51673891949401
-0.535794309738001
0.793632349468168
-1.10470170017277
-0.506600949228065
0.0213676114482611
0.858705110064872
-0.686386544358923
-0.471334396268161
-0.579582144520127
0.578929416178884
1.61564557610959
2.39302306081101
0.579650468508245
-0.465165702195215
1.35971193127456
1.27739552967575
0.412715680353398
0.114788979455764
0.557765843697098
-0.229817731389869
0.836667211304337
-0.13920901555139
-0.193684281276619
-0.818187032951624
-0.9538070230748
-0.717881493622861
1.62655050159851
-0.136761096037002
-1.33794901183399
-1.46999553410582
0.158425840386924
0.196492515937643
-0.0698799083158409
0.303211222274737
-0.94311958771183
-1.41727152273063
0.37002633256213
-0.465411629241449
1.33291581003545
1.01984904311064
2.03694296226783
0.544193522391775
-1.31510947995052
-1.17741161714889
-1.81239271627599
-1.34368125145414
0.030905612494816
1.73076685123422
0.799596472292978
0.424249755241995
-0.0225423701957992
-2.954707840608
-0.422699093097417
0.143870580520702
0.775727613773878
0.534615875190539
-0.405894286395417
-0.997726401049196
0.60274613979731
0.501008922556505
1.21779253660481
1.24271899090361
1.16525733767322
1.97547467429408
0.626465403155378
0.392917923398052
-0.820442157093677
0.450657651311141
-0.426913907162811
-0.80667294911408
-0.0633176133866064
0.296113958810380
0.474601191593841
-0.0822119925462407
0.562899623800268
0.27284161907609
-0.907668686234474
-0.288051893416568
1.71014818281628
1.61829807468456
2.77069070244875
2.86915413356253
3.01495943923276
1.46457832532627
-1.28506231395508
-0.707041205346144
0.344739567391534
0.885962304463564
-0.93229568358012
-0.576025815104179
-0.100214972331378
0.8849991281462
0.715274886498761
-1.03676183794836
-1.9750499668696
-2.66312228554829
-1.63236096692771
-1.56829154622289
-1.23899077454555
-1.24916606391389
-0.953104409367367
-1.32610812985047
0.0479364080566582
0.53008048666992
-0.353614025139978
-0.1753796913362
-0.870421574948702
-1.24965523059556
-0.369662886668986
1.00738237443059
1.18252701413507
1.3123222228379
0.897449072866866
-0.432797600353238
-2.19704918819842
-1.30598276400878
-0.492676293339841
-0.252173538730365
-0.520381174856193
-0.413939400190878
1.43920186817814
1.37480282434355
1.22644379465209
1.35308686681351
0.656881678193177
0.750572321964388
2.39668795578845
1.67128908634228
0.801143636954325
-1.49802331958534
-2.32306040105925
0.1684257453329
-1.21474613476555
-1.03549855313186
-1.84072620862310
-1.77142601171486
-0.843235179109316
-1.09007907926186
0.179148825255116
0.0898423052125566
1.85981609432417
1.18765201062937
2.53063365667343
3.05839704164175
0.822434496236566
-0.546453955144891
-2.27408778887821
-1.36580663568343
-1.87371235375912
1.43120255796698
1.0144533639281
0.850931749536875
1.00751159746678
0.572902574605319
-0.145702047206322
-1.99060793606531
-2.28097667758191
-2.54679651721712
-0.863347216926314
0.543435613991775
0.506055919795406
0.3205796217717
-0.88348693142298
-2.79243609554283
0.160306380608934
-0.589844266606275
-1.00256477117255
-3.00714302583413
-2.38388626931819
-1.87436430444194
-1.88683220074784
-0.734390696957233
-1.85705666164544
-2.09115576466236
0.78538359737585
2.14062757817477
1.24275118267377
0.0818180714361463
0.792762232250095
1.89877431980594
2.7641057036159
0.225264392517662
-1.10263964105474
-1.49926849012061
-2.71004270001153
-1.46681414738755
1.76730559619314
2.1542277661226
1.69396469385260
1.40972063885212
1.59509982008289
1.11750358236096
-0.0608372717665871
-0.278628483351951
1.17851964214589
0.64740691753296
0.448797607652415
-0.0177152531605018
-2.6995628387785
-0.157779174904151
0.949934589408956
1.99646251253136
2.26344356318708
2.1634315471605
1.94321771526386
-0.101846237424814
-0.938710840928479
2.01030292178302
1.70776683270042
1.45728045885328
-1.29383926632181
0.628055082618542
0.176138721227230
-0.444800945094643
1.29716068794382
0.755563662358189
-0.872236895571429
-0.523687389767448
-1.45064815766314
-1.71296029079236
0.0225018455920358
0.589057260539231
1.70678961181448
0.727453372906441
0.00178299828320986
0.41411183537975
-0.181780610197428
0.389803545187341
-0.456024200097071
-0.700682413331187
-0.308189158377418
-0.365841721478524
-1.34511930782874
-0.84290623797503
-0.244093044782495
1.11561549166136
1.92013218297791
1.11003320336275
0.460796194328031
-0.764286769320104
-0.501133085313189
1.52512655075973
0.339166470991258
0.9368046019975
0.809511143591764
0.653316392722213
1.43225182213272
2.53839803699053
2.96828714177972
2.70727838279084
0.210297411946568
0.835647676291876
0.87288235506695
-0.881330674018492
-0.469966452343229
-2.81688127317368
-0.902507766522305
0.662849779780066
0.103614775095527
1.11143425509996
-1.68414192529195
-1.58437566107021
-2.02078010194701
-1.31035785423811
-0.469833051972626
-0.90513256727846
-0.217483626941846
-1.33461999981889
-3.45310783345072
-2.31085570164846
0.269597772331275
-0.121648090746599
-0.952067348801172
0.0306007651879167
-1.47897238409777
-1.22767949929745
-0.461970401226597
-1.35271489706389
-0.345174762355268
-0.52903969671469
-1.13006879604134
0.252140424025718
0.598656655117003
-1.26630896994993
-1.80452492015554
-2.0781160529258
-1.21469907244054
-0.10314503435947
-0.239545985523549
0.145685841584866
-0.180938508120192
-0.306016557278681
-1.45516927787481
0.0370206026318333
1.31270229993456
-0.0240787311706831
1.25862623174088
2.4069131133877
1.03986855596594
0.847609806545503
1.86318939422586
1.35987712974165
1.55259338307008
2.87252729719766
1.7057266950046
2.12480004634504
0.81827353947964
-2.3022736143388
-2.90837641225352
-2.39299224254195
-2.4985433684806
-1.24836010238763
-2.39337485962937
-2.02813193921081
-0.283592113815939
1.19427002559453
1.94191457262905
0.725164915441992
3.2231585338562
2.27910955889595
2.52335355961191
2.16033846579995
-0.793299151355178
0.201826311400297
0.224969359181101
0.76797238025395
1.59488232494443
1.57186988282241
1.21935276502642
1.32813272591112
0.00535678738495213
-0.46699916091058
2.80654144045582
-0.168267614516076
1.08482636408358
0.511831447324028
0.0666340786331236
-0.932159567478365
1.07358525546632
0.428381192915495
-2.18881449367429
-2.41311935298649
-1.9001771718015
0.868927374487135
1.87349052958850
2.26282840007941
1.6817193993356
1.30033567030374
-0.359805971657978
0.241027480291404
0.702526382385495
0.955144020492483
-0.407979807081182
-1.26748339701062
-0.102037581885857
0.889376830444413
-0.593199258292432
-1.45407222200933
-0.969657396524458
-0.710340357338613
-0.79735582923251
-0.160188037545629
-0.0155860620491627
-0.415881587284371
-1.01292728131193
-1.45516666382427
-1.99554857177992
-0.743044716527433
-1.98099007949182
-2.08483282878438
-3.55640203927367
-1.33996785931719
0.664362669721611
1.08207533743383
1.47592747677605
0.828651991877583
1.35300214592799
0.939976913918106
-0.651239501513609
-0.331125300717971
-0.586588841402437
0.757131061904435
-0.870321849671136
-0.782978804269855
-0.662337206643232
1.08086230753969
-0.665474384171782
0.00332228532476594
0.458775983904867
1.80055201682223
0.758383386178341
2.47222150922725
1.5485126966923
0.431094574171728
0.855004017230373
-0.192832114461162
1.70095148246006
2.01583456496588
0.647575385904282
1.39998411949130
0.423225232447146
0.531486213886066
-1.65976910071963
0.650692859153215
-0.140181163081743
-0.098147656424663
-0.850627791347322
-1.15665807168879
-0.282131281911647
-0.402395556903281
-1.52807809506203
-1.01934292318848
0.309162475080792
-0.148569073141522
-1.38410315259228
-1.76574903042076
0.451632242039626
1.28288314137238
0.0259889844992654
-0.725347083487582
-1.85127645909236
-1.54623985189656
-0.792115872552281
-1.06826678092984
-0.979649640125622
0.546870319599187
0.729256042675366
1.40070173486475
1.66123635257408
3.04478298635052
4.33567080067107
2.47744330915214
1.55313554139227
0.688624771626557
0.383784276811322
1.75693815164594
0.998882923409768
-0.259410828425958
-1.26443275045125
-0.940476282764334
0.0143191070367106
0.228635031239448
0.225682360260546
0.402723947271394
1.17023053026441
0.0101807420224568
0.645445198509193
-0.000873571366379578
-0.407718066858717
-0.470327895301211
0.0643162903584986
-1.85846556777736
-1.67517265206486
-0.567421056911525
0.0144585364456461
0.162388799587599
-0.378428299696155
1.31052742096799
1.14533402098590
1.00257343243055
-1.00717236485699
-2.32926775850696
-1.39140830310387
-1.72013548614902
-2.48738181715247
-1.7775397653425
0.104162560790730
-0.487344076539989
0.947619649288603
0.159274799183703
0.312767534515134
0.0582638372131575
-1.79468842845469
-0.671879369850961
-2.11967287064841
-2.49755401669282
-1.4460287647996
-0.614504807060495
-1.64046922523321
-0.599729987727332
0.0887991703696787
-2.06801232790538
-0.700593959808061
-0.364572984167822
0.303172211180656
1.33726882178912
-0.454103758246306
-1.036586797325
-0.477853895830505
-0.590327819821026
-1.00380295846414
-0.306226034510041
0.680815617518081
1.12298526457507
0.45293126348887
0.925394680125072
1.37402712417539
-1.67324186630631
-2.24997836485724
-0.67222946317617
-1.97817131546324
-1.09826115132254
-0.940408559869297
-1.39748758741049
-0.744458201305569
-0.428032012492552
-0.625327753709219
1.37454785229685
1.27431499938421
3.15433731676568
1.92846058146686
1.64085480593203
1.54356822792894
1.91372943988678
1.85778457443369
0.226118285103562
-0.842842677880555
0.867956734351618
1.15241574655006
1.07760537989667
2.50161550298664
2.45008602775569
0.637908748560264
0.0343183044944106
1.85164017877433
0.284602397558676
-0.703448252298447
-0.802779961411889
0.719011770664895
0.480849796099847
0.0430453706942947
0.919689440779545
1.09825957022755
-1.43127061745867
-0.912902597920656
-0.698481331621714
-0.246410864252918
1.15422623245983
0.213688293322861
-1.08376824543658
-1.47453044619438
0.704190373390737
-0.102046194522062
0.211088127262231
0.275369101098348
0.776477710241509
0.92261910614667
0.172858373092384
0.453342450004288
-0.391592140103469
-0.0376220370213342
0.0930076464149379
0.702070762296375
0.218539754733897
-0.7173582672746
0.449560986607391
0.716400008071762
0.155869303499256
0.487454282225298
1.04488142322865
0.519532299459058
2.73762917596915
0.459106688967437
0.871521049814923
1.29609881502707
0.6972960666944
-0.913267353775057
-0.567109399573577
1.75530948016072
1.59041520903041
0.359201957919485
2.40697435889134
2.60133353313808
2.36092483208166
1.02098130050297
-0.666639408478848
0.79016362236206
0.585198123311355
1.35936648526749
2.83884846480153
1.11922586703261
0.0442083684750268
0.62076585149779
1.72603977349355
0.818401388844738
-0.6437238962632
-1.55415182116371
-1.13923688342007
-0.861965763245412
-1.30731158786058
-0.380579321797961
-0.0881243086773612
-2.16005691949871
-1.30018204979249
0.069576989660307
1.91799970596609
-0.524104451050768
-0.0690658157216186
0.094036186458356
-2.87893157318117
-1.08103967975806
1.67918536247654
1.07994317860140
-0.516298736136493
0.0204865730791798
0.363679402361653
0.778129086417775
0.0679706295043363
0.966821432808378
-1.30725235569270
-0.155532163838793
-0.102849380464826
1.22447722720828
-1.60396654435995
-1.46993222407146
-2.55508444106799
-1.93413879896065
-1.89117979490503
-1.93150538043514
-1.34444404033135
-0.82080973362541
0.365704772446317
0.321369807557276
-0.256300734171421
-0.742209128809886
-0.823184992418584
-1.25393615350822
-1.15608934173512
0.0151078852039654
-0.750447178642956
0.364910631775402
0.78530922770389
0.795527338290232
-0.352225135882387
0.614925340191841
0.26952971949504
-0.917486707127388
-0.0253628742657789
1.62581031783424
1.26086728737959
0.841096786532659
0.775360925058903
1.71747484179223
3.25442681533074
2.26368616508902
0.345169189068995
-0.232135705917760
-0.293791038286772
0.303597283073342
-0.725897602537589
0.0601691879884243
-0.915490876274733
-2.36100076526615
-2.56581843681660
-2.27319651497243
-2.61181414670907
-1.57915461470142
-0.0707351155287986
-0.788981433721825
-0.94538381740578
-1.91359183769255
-1.06131573950987
-1.36050783388176
0.0659778990602965
-0.307572827658027
-1.01202798044153
1.13971942429094
1.22355607053815
1.13247856012465
0.557457763185395
1.22660752251190
-0.284064182338132
-0.856372704074526
-0.305964949774447
0.294438537937106
-0.190383940918309
-0.58031100286933
0.0342094487947687
0.371081801887494
0.142801964209545
-2.04085518012589
-1.80292257874576
-0.0907921965832776
2.33162887343978
1.22219808043705
1.72253947949930
2.34780513438466
3.56789704710932
1.67488840709887
2.25160912658039
1.68023998195888
0.655952461945253
-0.0366458721784656
-0.780055613983547
-0.84536062137341
0.403680089739023
-0.638723503336266
0.117680434843598
0.241907648381926
-0.710525444434582
0.511646660424774
-0.221758116792414
-1.04585575096337
-0.65907877094352
-0.557077877383091
-0.389461600406201
-1.69993188937339
-1.87886129102787
0.274255122865505
0.121349401558845
-1.75286672976644
-1.86074147063015
-0.933179356281219
-0.173065148666628
-2.29847065160306
-2.01453978521974
-1.61909617514240
