x
-1.30256023687561
-1.02721920307957
-0.678570670568656
1.14259146699216
3.01752543845389
2.81408005561666
1.42639600088602
0.933513405831824
-0.269951348751158
-0.752655867103338
-0.491036557605793
-0.431007933234945
0.335550692887634
3.32272234177726
5.90736606724971
5.57052847440366
3.7064709141436
0.638110659015052
-1.25713264522177
-1.04091492925563
-0.747343884496286
1.30619785595159
2.40845299281489
1.07437617177417
0.867958669085362
0.981510884065504
2.34292862194415
2.14902601500118
0.280402814384455
-0.72670625084889
-2.87357256462299
-4.03199003266979
-5.27747704670222
-6.80810759677890
-6.1062525209483
-4.27859985245736
-2.49564525353492
-1.90192919202424
-1.64242832897448
-0.276498591458232
1.94196061600937
2.82425881714935
6.03010690173026
9.08762085172216
7.8930503500999
6.98957707351496
6.37517211058791
5.6439071822109
6.30755356512792
6.15655271714688
7.258152905029
9.84577157059045
11.1527781493751
10.6084980816293
8.17643896764921
7.0513605883846
6.26872204482516
5.06058030592365
3.94755381981496
4.02225788845406
4.41581390709139
2.68375124462031
1.81667585412146
2.01779941957288
0.560042023947761
0.267587512949074
0.646588922227478
0.344948973502081
1.51947231590509
2.75081222823275
1.59270151972872
0.412033614204881
-0.186089346520172
-1.21110460891595
-1.82040682226982
-2.69191096897055
-3.11797280201707
-3.65645438540961
-5.39006347367869
-5.98602330296776
-4.36949904226446
-1.93788435567638
-0.183276107049436
-0.121654255905107
-1.61385849818785
-0.575592162948589
0.808405522754982
1.29729452536444
-0.396319722410336
-0.884135945335796
0.143920825506307
-0.378144489784151
1.115171147717
2.93115571636459
4.2322512323786
5.65306984406231
6.6572765294157
6.96348346566128
7.40821029469654
7.22186923950705
6.78930613816995
5.61593654424974
2.73216253723452
2.36923860893583
3.71301209831397
4.98263347002441
5.20245500820023
4.15090618962677
4.09665151685127
2.98908483123125
3.02573233307692
4.03628113641538
4.04100778080641
4.63122059291589
2.83876298698191
0.693096416465382
2.37886420843102
3.23452610400151
3.97510578666873
4.36531900247005
2.91224190502849
3.28990669136796
4.82972633806511
5.94699794693672
5.43799442165441
5.01011896769624
5.87013400375898
6.01997176986282
4.46337041254483
2.85349791121526
3.3218682267771
5.14550670661397
5.44407955300426
2.56220716700975
-0.35777405943207
-1.19925910551953
-1.33871013206640
-2.09103402833582
-0.891737481471013
-0.673851559196884
-2.62086467518702
-1.31734741200145
0.325210005602430
-1.84160022100527
-4.49370558812826
-5.56337291218068
-5.33694097845014
-5.44184403765789
-5.26869489207199
-4.0096699116036
-2.25025933296031
-0.79268970749883
-0.856891980663034
-2.17883889236077
-2.53977672854301
-2.0748041084584
-2.98152546055245
-3.81770290389337
-3.62223814699291
-3.71662025573348
-5.63069557441274
-8.46123970341054
-8.70665022604077
-8.09141466702248
-7.57557414092653
-5.81207634107404
-4.58232155292254
-3.97616130562683
-2.71392275288322
-2.60037580618039
-2.45787300256824
-1.91109084558237
-2.98797494386971
-3.57046004564224
-4.25673341602761
-1.69624863470699
1.43627857212455
0.803804081851858
0.370822989171726
0.597874913958538
0.243595554554300
0.194848366436875
1.32766887763834
2.59128344243361
3.23632371302291
3.54256713109264
4.86964245557285
6.11321001667546
5.81516011893906
6.307342421943
7.49825807447268
6.39740566901892
5.20408451582089
5.42032979362795
4.39708350273335
2.61461250894785
2.17243882573262
1.98805683462819
1.71676843513701
2.67698026695004
3.42125740725748
2.40289647581036
2.04456207107734
2.59129863229672
2.65250257456961
2.18845399564680
0.524831713165501
-0.383591098837672
-0.926874713960701
-1.20658526972590
-0.973554773912993
-0.0603851330965148
0.579832386708953
-0.0216118425063143
-0.64587943479868
-0.0293519443203958
0.349120570472006
-1.16707916828593
-0.836171197917288
0.506504454666301
1.32514131883278
1.52151594057464
2.05084422646623
3.24878689758928
4.13825216144926
4.87641422925703
4.43716598574767
5.23180249201015
5.07359942186372
3.61912484522030
3.33859740758250
2.72328662939164
2.46507371629495
2.1972925335709
3.50989097895494
4.89232737962776
3.66406265354582
4.19985771050893
6.41606471691858
5.27561122945169
4.77543291908909
6.26549985809383
7.33931333441156
8.02252350802981
7.87371371576865
7.44509935172673
6.53313650529383
4.56373642390041
4.29215233850559
4.1179519994624
2.29926924659612
0.829154154310363
0.142104307715485
-0.759250646259544
-0.751941321982435
-0.57827837452007
-1.70579798702212
-2.2672266376445
-1.64777927873492
-1.00970147202213
-1.07756981604004
-0.815906613094966
-0.73813098603652
-2.35168114151613
-2.27818190093293
-0.992964980001886
0.267328314973322
2.63389866429558
2.16670349489147
1.02569129846141
3.9368616739764
5.80098571225358
6.0759817360142
5.55691920966936
4.59399008264027
6.94526981785369
9.33177750645767
8.06939674625677
6.02351371434286
4.8164719878278
1.97357738415185
-2.37535889481703
-4.25787492777983
-3.82009470853852
-2.17194417928201
-0.971538147407457
-0.860239392720368
-0.254203944739979
2.33225312792143
4.77498711368915
1.57635489232336
-1.69747063289891
-0.056966874083316
-0.278961460493034
-1.89171746812245
-1.65812656414093
-1.92529974575286
-1.87468838181941
-0.381847436484179
-0.355635266962364
-1.84460638174424
-2.98814852281241
-1.82795550836611
0.434740240137516
0.300945361672514
-0.2941038039966
-0.120735002597277
0.178070403598305
-0.97500650590668
-0.774620503574204
2.50657192139296
3.26349712242759
3.32833018420024
5.50463552647923
5.82410522961138
6.09255780353176
7.76443736709883
7.58973290158136
8.06464570957468
8.3638946838448
6.9656226292884
4.77644823221429
3.78231533697794
3.69730503350423
3.23567346696983
4.3924975635373
6.51194049040111
8.60731000996394
8.45726190244035
8.70917671925415
8.55046814951966
7.77398187328352
7.27893416389046
6.237735164559
6.3881373887393
4.86686863711692
1.59548846833143
0.175624451140631
-0.869992961472958
-2.04962836228259
-2.39271079685922
-1.64308767016679
0.199135232946332
1.0347468226181
1.98666530361956
2.33997849103940
0.88684804845528
0.123815735812272
0.799954954739194
1.34967438362667
1.44029564901928
1.41485302115217
-0.33481123405597
-1.98897529462662
-1.27392967370558
-0.113361561620089
-0.341063841480615
-2.12527108378202
-3.22669848272492
-2.21807537325061
-1.50434457447452
-2.08159079973999
-1.46076916438202
0.817000498024311
3.16418532696082
3.44223894646679
2.94566213244535
2.87571301547185
2.29385619989700
2.92702444130890
1.80753450236742
-0.828352617474636
-0.595080306887745
0.449980239853942
2.19735182659933
3.77925586947253
4.19534324610464
3.48583290180236
2.58193782181301
0.786020093927684
-0.774480391564503
-1.38306594450224
-2.26123118099067
-1.26209055483447
0.222452504220972
2.31174685117503
4.0520522883815
3.79608291105471
3.79858707378039
4.86739078991171
4.47784139768871
1.98817868716739
0.94853497195067
0.873872079184847
0.0193076793151430
-0.135459600021702
0.703625647537722
1.30866558504654
0.787089587121637
-1.08292556871108
-2.40704925333707
-1.88435207215386
-2.41085051258700
-3.19813301541144
-3.43414345521457
-3.10327448611569
-3.13513666378843
-2.93922733578005
-1.30496068263808
-1.51866006141374
-1.71452155078954
-1.61189255609657
-2.2211868156299
-0.220413809641720
0.715284242683457
1.25746646314310
3.07983455952259
3.00313591450502
2.27880676917069
2.54593691656768
2.33866037640563
1.24737512447713
-0.262674187901281
-1.83594231741873
-1.48911109542242
-1.33996622352905
-1.18279859209604
-2.02900163272145
-1.05931565626157
0.779778061792155
1.51339754882020
2.32978916229376
1.85475053258757
0.126283580710955
-0.212699376538265
-0.264270375750537
-0.854387606537236
-1.77873219280568
-1.46432098200455
1.15332069333923
0.957473772167939
1.16273706371780
2.60990713023024
3.53019431045139
3.64699681973767
2.07045012776227
0.698817554905045
-0.220775435550170
-1.39303594562958
-2.87631064518871
-2.93848951630343
-2.26962340904820
-1.54256036999344
-1.01720895100305
-0.0214734140192880
2.44578769126485
5.78992601407576
5.88281071216883
4.66682516450466
4.16456568901744
3.94200547747455
5.11110462355252
5.61184576295502
3.78943652980076
2.22763449559952
2.63134764278574
4.40158519096134
5.41785650995408
6.08876313222517
6.96737223585024
7.29780145775481
5.88474230460815
5.35337481739233
7.03733064820418
9.34760968898097
10.0201372215234
11.3352563220621
12.5896462241602
11.4435170080329
8.31998004654682
3.67548901409788
0.747618647178803
-0.00928798904170905
2.29918495844101
4.08587710299277
3.17846895276319
1.96155154542213
0.663615495991629
-0.115655317057824
0.80758007583352
2.31381816059779
2.50046492166949
1.60445650968573
2.39983047442662
3.28094519512467
1.93978992314421
1.32880693591380
0.390698096437966
-0.878091709089218
-1.7745572773873
-2.68916472064724
-0.987495918758921
0.550374044875143
-0.537240909522616
-0.731153221060598
2.06828667982054
3.29074193333080
1.14349988383819
-1.29271953107403
-1.53319814186985
0.688642705338417
1.10904599089617
-0.30027978820692
-0.233368362689235
0.771694312265615
1.46473615732344
2.00137821626262
2.65642414362876
4.18408226326412
6.29653925299062
7.21953690780701
7.34039265631592
5.7127936350119
4.42342133738889
5.43932429600743
5.25789984798626
6.88530588919017
7.15518366094166
6.28288079532342
6.83515824995683
5.27255894441778
4.28351669924304
4.48252994086399
4.86941107713435
5.43515138497122
5.57157662559456
3.97588384422412
4.08012181109963
6.07887978277175
5.67395259591612
4.56698049938852
4.41428791511691
3.29286097718082
2.86586140612110
2.31233289009627
1.37227331131579
0.947591251174307
1.04557564511174
1.74618460499201
1.45327285946714
1.65343356284902
1.83466444594964
0.88320674213426
-1.47356459627490
-2.39786190990631
-1.53960907707271
-1.61310981769783
-3.19084424104062
-4.7835247958599
-4.46319123134656
-2.56870031185759
-0.868608503527659
-1.97888733180090
-2.23552446160395
0.41750834675565
0.851857953247286
0.998695076587662
0.506921466478259
-0.591194952390986
-0.288256058179924
-0.175796634721351
-0.273755150733062
0.537697689415768
1.05627942250775
-0.0977334469096286
-2.73582880874177
-4.59604450740108
-4.62835829606609
-3.37208348783407
-2.05861945969859
-0.886465967095702
0.224356257539918
0.907428353413574
1.48147200006190
2.13435288521505
2.73689380171513
2.7534667562204
3.40622319770155
3.87071376252601
5.02518631245704
6.60236438675781
5.66912881103224
3.01117224875029
1.85193860314599
0.478051251373301
1.09420899742535
2.37302164928338
1.60196549126686
1.6012527706198
2.35399786094463
3.1073509179102
3.70408297844339
2.25060546130106
2.11975951289793
2.99825241104975
3.30323331600559
2.57017757169098
-0.386519333583719
-2.91778838794158
-4.70148987920423
-5.79262513646755
-5.42112429294997
-3.39448412186652
-1.20170261358365
0.932426873041271
2.65635066456955
2.65911762498269
3.31899061934674
3.27765893262697
2.27762785451324
2.07345310770413
1.40460282833647
0.334904875327685
-1.13384755306475
-2.38359784776786
-2.01743929327427
-1.02118754979450
0.0621018887888592
0.689281093963184
1.88965955219544
2.68121609063959
2.05127135906196
1.76662503757703
0.37615367046329
-0.209080006090357
0.965097696381946
2.03063931295164
2.64449679326243
0.083229983560459
-2.73938864969119
-2.48398380891150
-1.77094158955951
-2.17714088231617
-2.22993908281111
-2.19696811798579
-3.25635873348698
-3.63045338144020
-1.31314928461459
0.48880031286266
2.40293608248267
3.99911524937009
4.66303446630315
6.85033832169933
9.38662601405955
7.51840167926828
3.79020286280781
3.65567451919300
4.05481492290294
2.64810096953086
3.01684860708509
2.96515247585649
3.65449600905996
4.23270085553260
4.67041682910007
5.14822317622054
4.8000641138482
3.99260324265846
3.75151743591015
4.45491689758649
3.77764894294845
1.30600099211995
-0.501610551824176
-1.82727870800961
-1.21538914093686
0.254505400137943
-0.503661057653804
-1.76008528043920
-4.39547109590299
-6.3160694332044
-4.53833414078472
-3.06260474517186
-2.92713411660262
-3.18864210770820
-3.74716470777636
-3.82846547194994
-4.04187105491190
-4.91471476524655
-4.02198996974708
-2.07421778653258
-2.86457797109195
-3.15884384914279
-2.67531487009579
-2.41124345805983
-2.34893230841148
-2.19596302306074
-2.83022324618856
-3.15571091283054
-4.00279049845916
-4.45953673509082
-1.61601108646898
0.911836500310729
0.773188025423435
0.342566351086821
0.0871534804329236
0.0350090928602012
-0.600768008193445
-1.76926438991824
-3.16589380310277
-3.59214782827412
-2.34578334037396
1.41322345665292
2.64841902356446
0.231426742574289
-1.05105286729670
-2.00842319764951
-2.11467088985132
-1.70682688791737
-1.37120850427229
-1.49147817705674
-0.640712717295933
0.32446179259496
0.0652698900531014
-1.08105911579588
-0.844425301492302
1.31809713194585
2.79763646759331
2.28929139799919
0.274449058613414
0.218896240989981
0.54935938471262
-1.13013919574016
-1.41665919845454
-1.04063188052699
-1.75416367154724
-1.88756116353418
-1.11274362074981
-0.480775335837629
-0.111323736409411
0.0384513482915287
-1.35716824060054
-2.72388691185449
-3.41717388242199
-4.4206184017889
-4.27788910072561
-3.45146180368712
-3.99130875919542
-3.13004371786035
-1.70548410782800
-1.43438219983496
-0.772449691095451
-0.0339679738523557
0.82732059637787
1.16655262425226
1.9956777702769
0.752686842486523
-0.348931175475302
0.149449553550434
-0.0286817643014059
-0.921884563592493
-0.383213660497557
-0.331978414405413
-1.39690898993707
-0.810581637450048
-0.343117708326991
-0.909997801340147
-1.39088869090895
-2.74603841117674
-2.48227891070519
-2.51580933058932
-2.52127305485466
-0.988425506947197
-0.647920087523076
-1.22890442625694
-1.23168343913714
-2.39357108905586
-4.84293431373079
-4.98468564794275
-3.52961724295153
-3.01166754131222
-2.99201562584362
-1.41687591967286
-1.05658817623447
-2.84174445146787
-2.92475443298975
-1.60299731082613
-1.43435710653793
-1.34717735073700
-1.19989449188542
-1.45031801912505
-0.616810842011415
-0.982634419377078
-1.37154956740122
-2.37174227107261
-5.05273571523508
-4.42841462773214
-3.00818876466416
-2.62026202876632
-2.77413407928668
-2.04461662258794
-0.0696805640720774
0.464369791867029
-0.417134732909633
-0.00643823158092435
0.694456693662398
1.42559997078933
3.24390804846816
3.61238920209538
3.41764289777357
2.72128867231091
1.80665372147553
0.501343442117614
-0.551748965288592
0.265086005115747
0.361718232235542
-0.0724092871169368
1.57634284065799
3.54456968740081
2.34347689760916
0.902618692246274
0.0565804839835647
-1.80507510808011
-1.28325704489906
-0.392170285647564
-0.215307028202849
-0.448464818831531
-1.21486161066331
-1.51721535423321
-0.585402424335477
0.386802837909317
0.22441254659415
0.459858994897573
2.46961645065229
6.21635567388417
8.82758602600532
8.29671798083063
7.8187156044106
7.87450123049846
6.99249173078952
6.10906312839517
6.05947162925752
6.38010575793138
6.49865341357535
7.09389685523566
6.40304692907273
5.0831135499998
3.74365097957248
2.97024255297884
3.40775228225499
3.5315741677168
3.81234835198712
2.8726243125975
2.61478017329243
0.393405034003514
-1.11150170809215
-0.484837211542176
-1.60957739404841
-2.41165744279757
-2.68099465305941
-3.47929629116226
-5.37346508311407
-7.35761748721796
-7.26497276472333
-4.85049170307891
-3.49018472469104
-1.77198103502957
0.405545252879685
-0.0269626019817105
-1.16495471786020
-0.450633489938344
0.0222148486434960
-0.346601260765164
-1.15916838217661
-0.410882340663451
0.801822071865275
1.58293197416109
0.967353431775913
0.694805206787678
0.870674362209998
-1.1548347422368
-3.22097380152566
-3.12247658895898
-0.485561193262839
0.213177434354357
0.385817600265638
0.752085819977136
1.60981545129346
4.45918784468426
6.32222483421629
7.35999976431708
6.08517580313998
1.87251316883322
-0.152969796219395
-0.835732538045756
1.05546396810655
2.40829897648437
1.48461907790546
2.1451393751664
2.46135667747779
1.47052872082542
2.04761199446662
4.52330535005843
6.53281003451636
6.33988234473644
5.82278243541361
3.58997612982703
1.59169092052748
0.132431691991246
-0.78227318894157
0.366252487381186
-0.0521233505188181
-1.34668541877659
-2.06618340132651
-2.72692913836876
-3.2249175653525
-2.94322403119735
-2.41593204622634
-2.32353277024051
-1.84689782224911
-0.250882670867144
2.22749463298544
2.77653006229873
2.45250041567277
1.89689965391557
1.11070010579405
-0.327360352624245
-0.0619353721987124
1.92825911643769
2.32954003983583
1.11494095522177
0.223156711565035
0.184868585916669
-1.01746361331571
-3.37383118241306
-4.7676872560677
-2.86831588367792
-1.09406050420263
-1.17807087381096
-2.31320980608306
-4.39776588925973
-5.7304858631595
-7.26906602170816
-8.35682345417169
-7.5981538642179
-7.3919812495192
-7.46105943299366
-8.37245756804972
-7.87588123732574
-6.47645711791517
-6.59011179997418
-5.37657475876529
-5.34679279677403
-7.10111835745694
-7.09828453030219
-5.45201686298888
-4.91804163623142
-4.71894649952033
-5.02560464260752
-5.56730069222065
-5.74272661753496
-7.30570483338417
-8.49620094955663
-8.00607358431687
-7.34756854765922
-6.1194826320667
-5.93732388060081
-6.78184087446025
-5.71629483505764
-4.57441041860668
-2.86890812203983
-1.30737603291088
-2.14542084796135
-4.16370704803388
-3.9883250483749
-3.57886838402596
-5.33818273010503
-5.85895733288235
-5.31362527003379
-5.037417227877
-5.44997105243027
-4.93764261833193
-3.60735030920982
-3.94724832230974
-2.48148745192780
-1.27481031017297
-1.93776092354986
-1.83680383720480
-2.94571222532536
-3.82310121442548
-3.82016195576521
-5.69889143138079
-5.87529154150977
-4.57509081065332
-4.41961684429400
-4.14074340782524
-4.12870056158835
-3.81802069487866
-3.05737846781205
-2.2218932765364
-1.28506712340492
-1.04431870955840
